Greedy:
BLEU: 0.3099861303744798
ROUGE-1: 0.35427226007345536
ROUGE-2: 0.12963403848897576
ROUGE-LCS: 0.27101764007551854

Random:
Tau = 0.5
BLEU: 0.29281767955801097
ROUGE-1: 0.29316688443844163
ROUGE-2: 0.09313924248238027
ROUGE-LCS: 0.22658013382188047

Tau = 0.9
BLEU: 0.19846022241231825
ROUGE-1: 0.19999253222081276
ROUGE-2: 0.05852435131854728
ROUGE-LCS: 0.1646666382267538

Top k:
k = 5
BLEU: 0.24757281553398058
ROUGE-1: 0.24637532114470517
ROUGE-2: 0.06982793622619132
ROUGE-LCS: 0.18258561511936278

k = 10
BLEU: 0.24899274778404515
ROUGE-1: 0.2583936169635166
ROUGE-2: 0.07972418861869043
ROUGE-LCS: 0.1984233891953222
